7.7962e-11

2.7281e-10

4.0221e-10

5.6313e-11

1.8449e-10

2.4586e-10

5.0752e-11

4.0355e-11

4.1112e-11

3.9217e-10

2.93018e-13

3.3136e-11

2.5241e-10

3.4427e-10

1.3263084e-10

5.98787e-11

3.8032e-10

4.7602e-11

1.0999e-10

1.5127373e-11

2.2033e-10

8.2169e-11

7.8633e-11

2.0439e-10

2.7207e-16

3.3878e-10

1.9026e-11

2.3384e-11

7.5447e-11

3.165e-10

3.4662e-10

2.7759e-10

2.9792e-11

2.2897e-10

2.2333e-10

2.6786e-10

6.7396e-11

2.8664e-11

4.835243e-13

4.2177e-10

2.176e-10

3.389e-10

1.5688e-10

3.2662e-10

2.7406e-16

7.7675e-11

3.8812e-11

5.3378e-11

3.8096e-10

3.0586e-11

3.9608e-11

2.6705e-10

2.1476e-11

5.7022e-11

6.9805e-11

1.1554e-10

4.2688e-11

9.9633e-11

3.2944e-10

4.1447e-11

2.7839e-11

1.1294e-10

3.387522e-11

1.8414e-10

5.5149e-11

4.34238e-11

5.2794e-12

9.4703e-11

2.3409e-10

4.2219e-10

2.6976e-10

1.7582e-10

3.3653e-11

3.1052e-10

2.3285e-10

8.90588e-14

3.0251e-11

7.8263e-11

5.4233e-11

1.3064e-10

1.01829185e-10

5.7483e-11

4.8904e-11

3.9104e-10

1.9258e-10

1.2245e-10

3.3374e-10

1.7311e-10

2.2061e-10

1.7648e-10

2.9721e-11

3.2249e-10

1.828e-10

3.0282e-10

1.3061e-10

1.8904e-10

4.4815e-11

2.5693e-11

1.5409e-10

8.5025e-11

2.9543e-10

3.3353e-10

2.0397e-11

1.7791e-10

2.185e-10

4.978e-11

4.1876e-10

4.1665e-10

5.6562e-11

2.3798e-10

2.4948e-11

4.183e-11

2.4928e-10

1.8596e-11

2.4801e-16

1.1971e-10

4.2426e-10

8.6445e-11

1.3497e-10

8.75528e-17

1.3611e-10

7.1454e-11

1.5279e-10

3.6273e-10

1.7288e-10

2.373459e-13

7.9245e-12

7.08799e-12

6.3954e-11

3.6102e-11

4.108e-11

3.2689e-10

3.0995e-10

3.774e-11

2.5964e-11

2.7864e-10

3.5723e-11

8.7472e-11

6.0576e-11

5.1448e-11

3.1297e-10

1.3361e-10

3.6974e-10

1.5216e-11

2.6189e-10

1.3995397e-11

7.6397e-11

3.3847e-10

2.3092e-11

3.1285e-11

1.3361e-10

1.9043e-10

6.6437e-11

8.8634e-11

7.9524e-11

1.3698e-10

5.0985e-11

4.2648e-10

3.2957e-11

7.628e-11

4.8044e-11

1.4261e-10

1.5061e-10

4.9884e-11

1.7718e-10

2.6256e-10

2.4905e-10

7.6043e-11

3.8343e-11

3.624e-11

3.3782e-10

7.2957e-11

2.8333e-11

2.5607e-10

6.300958e-11

2.3356e-11

3.1814e-10

5.4706e-11

2.5302e-11

4.2181e-10

1.0092419e-10

2.8944e-11

2.1056e-10

4.2266e-10

9.0625e-11

1.9472e-10

4.2248e-10

8.7565e-11

3.7161e-10

4.1272e-10

3.481956e-11

3.589e-11

2.8956e-10

2.1586e-10

3.3252e-11

3.3738e-10

2.0552e-10

6.27382e-15

4.2832e-11

3.7849e-10

9.2252e-11

3.2399e-10

3.9786e-11

1.8104e-10

1.6361e-10

3.6889e-11

2.3049e-10

5.0847975e-13

4.2275e-10

3.8026e-10

1.6735e-10

4.2804e-11

3.0985e-10

4.0569e-11

2.7896e-11

1.9239e-10

3.1557e-10

4.2156e-10

1.8223e-10

3.0105e-10

1.2875e-10

3.1502e-10

2.7399e-16

4.6304e-11

3.1045e-10

1.0621e-10

4.0449e-10

3.6692e-10

1.1962e-11

1.0746e-10

1.072194e-13

2.0523e-11

5.1019e-11

4.1547e-11

3.408e-11

1.4997e-10

3.2645e-11

2.151e-10

9.0309e-11

3.7473e-10

1.8127e-10

1.15983e-12

5.1416008e-13

4.1268e-10

1.8021e-10

5.557102e-13

2.8e-10

4.1702e-10

4.1818e-11

1.6443e-10

8.71147e-13

2.6728463e-13

3.3251e-11

3.108e-11

8.7183e-11

6.765774e-11

1.7943e-10

2.4961e-10

8.9226e-11

4.18e-10

5.5951e-11

1.0427e-10

3.1024e-10

5.1661e-11

5.5017e-11

1.0974e-10

7.22513e-11

7.9782e-11

7.0231e-11

4.1575e-10

3.3416e-11

2.8253e-11

2.9817e-10

4.0528e-10

4.1905e-11

3.1453e-10

3.5828e-10

5.6252e-11

3.1323e-11

3.8567e-10

2.48614e-13

1.8089e-10

5.0997e-11

1.4454e-10

1.8082e-10

4.3468e-11

2.6603e-11

4.3842e-11

5.2129e-12

5.0882e-11

2.5141e-10

1.063385e-10

7.551e-11

2.407e-11

1.4181e-10

2.7775e-11

1.7869e-10

1.446131e-12

1.8196e-10

7.485e-11

...Extracting Xsections Done...
   
