   1.5543e-10

   1.5123e-10

   4.2893e-11

   2.0968e-10

   2.3472e-10

   2.8848e-10

   4.236e-10

   5.9167e-11

   7.1968e-11

   3.6577e-10

   9.7493e-11

   8.4286e-11

   3.9394e-10

   2.2773e-11

   9.008e-11

   2.5022e-11

   3.769e-11

   8.6333e-11

   3.3586e-10

   9.5336e-11

   1.921e-10

   1.1672e-10

   2.9144e-11

   2.3728e-10

   8.5428e-11

   5.5313e-11

   1.8047e-10

   2.7669e-11

   1.6894e-10

   1.6151e-10

   3.7263e-11

   4.1637e-10

   3.0022e-10

   2.3068e-10

   2.4661e-10

   4.1102e-10

   6.4066e-12

   1.4447e-10

   3.4052e-11

   3.7883e-10

   7.6381407e-11

   3.4947e-11

   6.3863e-11

   6.4849e-11

   2.5595e-11

   2.6202e-10

   3.9673e-11

   8.2392e-11

   3.199e-10

   7.4697e-11

   2.9143e-10

   8.248e-11

   3.6506e-11

   3.8506e-10

   9.6147e-11

   2.669e-10

   5.5473e-11

   3.698e-11

   1.7641e-10

   1.7385e-10

   3.9873e-11

   2.9477e-10

   6.7239e-11

   3.3107e-11

   7.5032e-11

   1.4199e-10

   2.5146e-11

   1.9146e-10

   5.8572e-11

   2.1294e-10

   2.1621e-10

   7.466e-11

   2.7651e-10

   1.4333e-10

   3.9708e-11

   1.4654e-10

   2.9317e-10

   4.0458e-10

   5.6345e-11

   3.4747e-11

   1.6952e-10

   5.3423e-11

   1.0819e-10

   7.9821e-11

   1.6785e-10

   1.8811e-10

   6.7156e-11

   1.7697e-10

   7.7267e-11

   2.5273e-10

   1.3771e-10

   5.4342e-11

   1.2019e-10

   2.3112e-16

   1.9922e-11

   2.3527e-10

   4.2377e-10

   2.9903e-11

   1.5069e-11

   4.8914e-11

...Extracting Xsections Done...
   
